%YAML:1.0
---
cameraMatrix: !!opencv-matrix
   rows: 3
   cols: 3
   dt: d
   data: [ 2.4789459972040214e+02, 0., 3.2677230503129340e+02, 0.,
       2.4789675315304058e+02, 1.7223691596050358e+02, 0., 0., 1. ]
distCoeffs: !!opencv-matrix
   rows: 1
   cols: 5
   dt: d
   data: [ 4.5816707412168714e-02, -1.0893788755773233e-01,
       -1.1763274936749119e-03, 2.0835570206084885e-04,
       3.7790188098476632e-02 ]
cablicate_Matrix: !!opencv-matrix
   rows: 4
   cols: 4
   dt: d
   data: [-0.9991139449095419, -0.017334677460368344, 0.03835145427017738, -0.045693936399614735, 0.013665628685649606, -0.9954837376626567, -0.09394348642568526, 0.05097737818698895, 0.03980672907836639, -0.09333615058771152, 0.9948385734949914, 0.02238132001731996, 0, 0, 0, 1]
