%YAML:1.0
---
cameraMatrix: !!opencv-matrix
   rows: 3
   cols: 3
   dt: d
   data: [ 2.4789459972040214e+02, 0., 3.2677230503129340e+02, 0.,
       2.4789675315304058e+02, 1.7223691596050358e+02, 0., 0., 1. ]
distCoeffs: !!opencv-matrix
   rows: 1
   cols: 5
   dt: d
   data: [ 4.5816707412168714e-02, -1.0893788755773233e-01,
       -1.1763274936749119e-03, 2.0835570206084885e-04,
       3.7790188098476632e-02 ]
cablicate_Matrix: !!opencv-matrix
   rows: 4
   cols: 4
   dt: d
   data: [ -0.9985195099569648, 0.013602246410705902, 0.025922931682522948, -0.032424651812465594, -0.015468173803903905, -0.9971832088609079, -0.07339097477667517, 0.04450548670949742, 0.007931254257813757, -0.07376061935215718, 0.9969662828752759, 0.021849341414451388, 0.0, 0.0, 0.0, 1.0]
