%YAML:1.0
---
T_laser2cam: !!opencv-matrix
   rows: 4
   cols: 4
   dt: d
   data: [ 5.3233726060444098e-03, -6.9993435280735661e-01,
       7.1418734479423840e-01, -1.8669002217460855e-02,
       -9.9995744286281907e-01, 1.6554982499494607e-03,
       9.0758905236075701e-03, -1.1021033612419661e-02,
       -7.5348634592347034e-03, -7.1420526537242179e-01,
       -6.9989575277105354e-01, 4.0893771695104369e-01, 0., 0., 0., 1. ]
camera_matrix: !!opencv-matrix
   rows: 3
   cols: 3
   dt: d
   data: [ 4.5361588343184070e+02, 0., 3.2650981477955247e+02, 0.,
       4.5386298663971598e+02, 2.4155840332115608e+02, 0., 0., 1. ]
dist_coeffs: !!opencv-matrix
   rows: 1
   cols: 5
   dt: d
   data: [ 9.4996803211588460e-02, -1.9237391397927872e-01,
       6.2659094352586508e-04, -2.2606197057169311e-04,
       6.8448486026918401e-02 ]
